Trial KK: Warm-up with 1000 vertices
Edges -- Labels -- Time (milliseconds)
Initial: 249755	19311	65265
Final: 249755	19184	118
Initial: 250158	19155	62784
Final: 250158	19015	72
Initial: 249568	19265	63622
Final: 249568	19124	67
Initial: 249390	19238	64727
Final: 249390	19109	78
Initial: 249368	19347	66712
Final: 249368	19213	69
Initial: 249614	19218	64790
Final: 249614	19104	67
Initial: 249897	19329	64126
Final: 249897	19198	66
Initial: 249663	19207	63050
Final: 249663	19090	64
Initial: 250162	19113	62694
Final: 250162	18980	65
Initial: 250285	19204	64826
Final: 250285	19073	66
Initial: 250136	19270	66410
Final: 250136	19125	70
Initial: 249513	19296	65479
Final: 249513	19170	63
Initial: 250011	19274	63769
Final: 250011	19144	63
Initial: 249387	19161	63061
Final: 249387	19032	64
Initial: 249916	19228	63064
Final: 249916	19116	64
Initial: 249855	19236	62554
Final: 249855	19117	66
Initial: 249491	19258	62724
Final: 249491	19101	64
Initial: 249510	19163	62881
Final: 249510	19030	66
Initial: 249852	19255	65677
Final: 249852	19102	67
Initial: 249891	19239	66021
Final: 249891	19104	67
Trial KK: Benchmark with 1000 vertices
Edges -- Labels -- Time (milliseconds)
Initial: 249866	19246	64996
Final: 249866	19113	65
Initial: 249635	19280	65687
Final: 249635	19145	67
Initial: 249427	19265	65863
Final: 249427	19139	67
Initial: 250335	19125	63360
Final: 250335	18992	64
Initial: 249693	19192	63473
Final: 249693	19040	63
Initial: 249259	19331	64141
Final: 249259	19202	67
Initial: 249932	19342	64394
Final: 249932	19209	62
Initial: 249611	19328	64650
Final: 249611	19191	64
Initial: 249165	19278	64047
Final: 249165	19139	64
Initial: 249343	19300	63965
Final: 249343	19175	66
Initial: 249308	19233	63457
Final: 249308	19096	66
Initial: 249522	19254	64150
Final: 249522	19114	69
Initial: 250268	19199	66365
Final: 250268	19082	67
Initial: 249855	19238	66640
Final: 249855	19103	67
Initial: 250182	19287	65589
Final: 250182	19154	65
Initial: 250319	19322	63602
Final: 250319	19185	63
Initial: 249665	19233	62700
Final: 249665	19123	65
Initial: 250060	19261	63263
Final: 250060	19113	62
Initial: 249928	19238	62436
Final: 249928	19106	62
Initial: 249438	19224	62526
Final: 249438	19091	61
Initial: 249774	19261	64744
Final: 249774	19145	64
Initial: 249503	19336	63747
Final: 249503	19194	68
Initial: 249791	19251	63105
Final: 249791	19132	61
Initial: 249755	19243	62878
Final: 249755	19110	61
Initial: 249225	19255	65450
Final: 249225	19131	69
Initial: 249859	19212	65402
Final: 249859	19100	69
Initial: 249495	19301	66787
Final: 249495	19163	64
Initial: 250497	19264	66162
Final: 250497	19127	68
Initial: 250253	19303	64681
Final: 250253	19167	63
Initial: 249712	19201	62280
Final: 249712	19082	61
Initial: 250265	19205	62533
Final: 250265	19064	63
Initial: 249789	19211	62486
Final: 249789	19081	63
Initial: 249983	19269	62646
Final: 249983	19133	61
Initial: 249606	19266	62723
Final: 249606	19137	61
Initial: 250217	19223	62537
Final: 250217	19084	62
Initial: 249414	19254	63315
Final: 249414	19123	64
Initial: 249689	19152	65055
Final: 249689	19012	65
Initial: 249319	19252	65334
Final: 249319	19132	61
Initial: 249526	19221	62441
Final: 249526	19093	65
Initial: 249772	19131	63832
Final: 249772	19006	68
Initial: 249395	19257	65235
Final: 249395	19145	67
Initial: 249515	19176	65195
Final: 249515	19050	66
Initial: 249822	19218	65182
Final: 249822	19101	63
Initial: 249559	19252	62798
Final: 249559	19147	61
Initial: 249562	19314	63089
Final: 249562	19171	61
Initial: 249714	19187	62377
Final: 249714	19062	62
Initial: 249538	19315	63793
Final: 249538	19208	64
Initial: 249803	19189	65192
Final: 249803	19047	67
Initial: 249661	19303	66724
Final: 249661	19161	69
Initial: 249986	19212	64976
Final: 249986	19091	63
Initial: 249724	19260	62905
Final: 249724	19121	61
Initial: 249821	19196	62414
Final: 249821	19060	63
Initial: 249297	19315	63168
Final: 249297	19166	63
Initial: 249757	19204	62341
Final: 249757	19081	62
Initial: 249302	19266	62718
Final: 249302	19134	62
Initial: 249102	19186	64433
Final: 249102	19056	64
Initial: 250148	19176	65158
Final: 250148	19048	67
Initial: 248741	19218	63826
Final: 248741	19083	62
Initial: 250027	19271	63089
Final: 250027	19141	66
Initial: 250171	19199	65485
Final: 250171	19059	64
Initial: 249213	19295	65853
Final: 249213	19173	66
Initial: 249848	19169	63360
Final: 249848	19046	65
Initial: 249930	19253	62678
Final: 249930	19107	64
Initial: 249994	19136	62110
Final: 249994	19009	64
Initial: 249554	19268	63202
Final: 249554	19147	63
Initial: 249406	19381	63480
Final: 249406	19246	64
Initial: 250196	19252	64109
Final: 250196	19114	66
Initial: 250002	19221	64276
Final: 250002	19091	66
Initial: 249913	19230	64439
Final: 249913	19092	68
Initial: 248843	19310	65890
Final: 248843	19153	67
Initial: 249484	19208	65262
Final: 249484	19079	65
Initial: 249587	19116	65175
Final: 249587	18988	64
Initial: 249976	19177	65224
Final: 249976	19041	65
Initial: 249867	19186	65107
Final: 249867	19064	64
Initial: 249884	19279	65789
Final: 249884	19150	69
Initial: 249884	19205	64272
Final: 249884	19071	61
Initial: 250082	19328	63371
Final: 250082	19186	62
Initial: 249466	19266	63687
Final: 249466	19133	62
Initial: 249814	19237	62752
Final: 249814	19099	61
Initial: 250046	19219	63637
Final: 250046	19079	62
Initial: 249867	19216	62406
Final: 249867	19065	65
Initial: 249613	19265	65421
Final: 249613	19127	67
Initial: 249320	19344	63660
Final: 249320	19211	64
Initial: 250558	19189	64110
Final: 250558	19048	66
Initial: 249051	19245	65978
Final: 249051	19102	64
Initial: 249533	19232	65904
Final: 249533	19099	64
Initial: 249922	19251	66409
Final: 249922	19116	63
Initial: 249956	19295	65761
Final: 249956	19157	63
Initial: 249989	19171	63815
Final: 249989	19036	64
Initial: 249595	19203	63418
Final: 249595	19070	65
Initial: 250120	19264	63583
Final: 250120	19133	64
Initial: 249687	19292	63339
Final: 249687	19179	62
Initial: 249808	19249	62859
Final: 249808	19116	60
Initial: 249296	19329	63220
Final: 249296	19184	63
Initial: 249487	19224	62350
Final: 249487	19087	61
Initial: 249981	19293	64847
Final: 249981	19172	65
Initial: 249450	19225	66171
Final: 249450	19103	66
Initial: 249688	19290	66457
Final: 249688	19146	69
Initial: 250053	19121	64202
Final: 250053	19011	63
Initial: 250141	19230	65617
Final: 250141	19105	64
